X
0.0013568521031207597
0.0013568521031207597
0.0013568521031207597
0.0067842605156037995
0.009497964721845319
0.010854816824966078
0.010854816824966078
0.017639077340569877
0.018995929443690638
0.018995929443690638
0.023066485753052916
0.024423337856173677
0.028493894165535955
0.028493894165535955
0.029850746268656716
0.033921302578018994
0.036635006784260515
0.036635006784260515
0.0407055630936228
0.0407055630936228
0.04206241519674356
0.04206241519674356
0.04341926729986431
0.04613297150610583
0.04748982360922659
0.048846675712347354
0.050203527815468114
0.051560379918588875
0.052917232021709636
0.052917232021709636
0.054274084124830396
0.06648575305291723
0.06648575305291723
0.07327001356852103
0.07598371777476255
0.07598371777476255
0.08412483039348712
0.08548168249660787
0.08819538670284939
0.08819538670284939
0.09090909090909091
0.10176390773405698
0.10312075983717775
0.10719131614654002
0.1112618724559023
0.11261872455902307
0.11397557666214382
0.11397557666214382
0.11397557666214382
0.12211668928086838
0.12347354138398914
0.1248303934871099
0.12618724559023067
0.12618724559023067
0.13975576662143827
0.13975576662143827
0.15061058344640435
0.1519674355495251
0.1614654002713704
0.1655359565807327
0.16689280868385345
0.17096336499321574
0.17503392130257803
0.18181818181818182
0.19538670284938942
0.1994572591587517
0.20759837177747625
0.22116689280868385
0.2265943012211669
0.23744911804613297
0.3093622795115332
0.31343283582089554
0.31886024423337855
0.3283582089552239
0.3473541383989145
0.3473541383989145
0.3487109905020353
0.42198100407055633
0.4260515603799186
0.4369063772048847
0.5006784260515604
0.5630936227951153
0.7774762550881954
0.8263229308005428
0.8683853459972863
1
